000000000000000000000000
001111111111111111111100
011111111111111111111110
011111111111111111111110
011111111111111111111110
011110000000000000011110
011110111101111111011110
011110111101111111011110
011110111101111111011110
011110111001100111011110
011110111111101111011110
011110111111101111011110
011110111111101111011110
011110000000000000011110
011111101111111101111110
011111101111111101111110
011111101111111101111110
001111101111111101111100
000000000011110000000000
011111111111111111111110
011111111111111111111110
011111111111111111111110
011111111111111111111110
000000000000000000000000
