000000000000000000000000
011110011111111111111100
011110111111111111111110
011110111111111111111110
011110111111111111111110
011110111100000000011110
011110111101111111011110
011110000001111111011110
011110111101111111011110
011110111101110111011110
011111111100000111011110
011111111101111111011110
011111111101111111011110
011111111101110000011110
011110111101110111011110
011110111101111111011110
011110000001111111011110
011110111101111111011110
011110111100000000011110
011110111111111111111110
011110111111111111111110
011110111111111111111110
011110011111111111111100
000000000000000000000000
