000000000000000000000000
001111111111111110011110
011111111111111111011110
011111111111111111011110
011111111111111111011110
011110000000001111011110
011110111111101111011110
011110111111100000011110
011110111111101111011110
011110111011101111011110
011110111000001111111110
011110111111101111111110
011110111111101111111110
011110000011101111111110
011110111011101111011110
011110111111101111011110
011110111111100000011110
011110111111101111011110
011110000000001111011110
011111111111111111011110
011111111111111111011110
011111111111111111011110
001111111111111110011110
000000000000000000000000
