101010100110011001010101
101010100110011001010101
101010100110011001010101
101010100110011001010101
101010100110011001010101
101010100110011001010101
101010100110011001010101
101010100110011001010101
101010100110011001010101
101010100110011001010101
101010100110011001010101
101010100110011001010101
101010100110011001010101
101010100110011001010101
101010100110011001010101
101010100110011001010101
101010100110011001010101
101010100110011001010101
101010100110011001010101
101010100110011001010101
101010100110011001010101
101010100110011001010101
101010100110011001010101
101010100110011001010101
